#N canvas 75 22 1031 714 10;
#X floatatom 173 26 5 0 0 0 - - -;
#X obj 173 51 t b f;
#X floatatom 173 81 5 0 0 0 - - -;
#X obj 212 81 / 1000;
#X obj 173 117 +;
#X obj 173 153 phasor~;
#X obj 173 181 *~ 62079;
#X obj 172 370 samphold~;
#X floatatom 37 248 5 0 0 0 - - -;
#X obj 37 279 phasor~;
#X obj 37 347 *~ 256;
#X obj 197 466 tabread4~ hanning;
#X obj 37 527 *~;
#X obj 311 24 bng 15 250 50 0 empty grainsam empty 17 7 0 10 -262144
-1 -1;
#X obj 311 52 openpanel;
#X obj 311 113 soundfiler;
#X obj 459 404 samphold~;
#X obj 324 381 *~ 256;
#X obj 484 500 tabread4~ hanning;
#X obj 324 571 *~;
#X obj 324 339 wrap~;
#X obj 324 300 +~ 0.5;
#N canvas 170 179 746 508 hanning 0;
#X obj 304 58 bng 15 250 50 0 empty empty empty 17 7 0 10 -262144 -1
-1;
#X obj 304 83 Uzi 256;
#X obj 343 107 t f f;
#X obj 343 131 / 128;
#X obj 342 156 - 1;
#X obj 342 181 t f b;
#X obj 342 208 *;
#X obj 369 208 pi;
#X obj 342 234 expr 0.5+0.5*cos($f1);
#X obj 342 261 tabwrite hanning;
#X connect 0 0 1 0;
#X connect 1 2 2 0;
#X connect 2 0 3 0;
#X connect 2 1 9 1;
#X connect 3 0 4 0;
#X connect 4 0 5 0;
#X connect 5 0 6 0;
#X connect 5 1 7 0;
#X connect 6 0 8 0;
#X connect 7 0 6 1;
#X connect 8 0 9 0;
#X coords 0 508 1 507 100 100 0;
#X restore 421 257 pd hanning;
#N canvas 0 22 450 278 (subpatch) 0;
#X array hanning 256 float 5;
#A 0 0 0.000150591 0.000602275 0.00135475 0.00240764 0.00376025 0.00541174
0.00736117 0.00960734 0.0121489 0.0149844 0.018112 0.0215298 0.0252359
0.0292279 0.0335036 0.0380602 0.0428951 0.0480053 0.0533879 0.0590393
0.0649565 0.0711357 0.0775732 0.0842652 0.0912076 0.0983962 0.105827
0.113495 0.121396 0.129524 0.137876 0.146447 0.15523 0.16422 0.173414
0.182803 0.192384 0.20215 0.212096 0.222215 0.232501 0.242949 0.253551
0.264302 0.275194 0.286222 0.297379 0.308658 0.320052 0.331555 0.343159
0.354858 0.366644 0.37851 0.390449 0.402455 0.414519 0.426635 0.438795
0.450991 0.463218 0.475466 0.487729 0.5 0.512271 0.524534 0.536782
0.549009 0.561205 0.573365 0.585481 0.597545 0.609551 0.62149 0.633356
0.645142 0.656841 0.668445 0.679947 0.691342 0.702621 0.713778 0.724806
0.735698 0.746449 0.757051 0.767499 0.777785 0.787904 0.79785 0.807616
0.817197 0.826586 0.835779 0.84477 0.853553 0.862124 0.870476 0.878604
0.886505 0.894173 0.901604 0.908792 0.915735 0.922427 0.928864 0.935043
0.940961 0.946612 0.951995 0.957105 0.96194 0.966496 0.970772 0.974764
0.97847 0.981888 0.985016 0.987851 0.990393 0.992639 0.994588 0.99624
0.997592 0.998645 0.999398 0.999849 1 0.999849 0.999398 0.998645 0.997592
0.99624 0.994588 0.992639 0.990393 0.987851 0.985016 0.981888 0.97847
0.974764 0.970772 0.966496 0.96194 0.957105 0.951995 0.946612 0.940961
0.935043 0.928864 0.922427 0.915735 0.908792 0.901604 0.894173 0.886505
0.878604 0.870476 0.862124 0.853553 0.84477 0.835779 0.826586 0.817197
0.807616 0.79785 0.787904 0.777785 0.767499 0.757051 0.746449 0.735698
0.724806 0.713778 0.702621 0.691342 0.679947 0.668445 0.656841 0.645142
0.633356 0.62149 0.609551 0.597545 0.585481 0.573365 0.561205 0.549009
0.536782 0.524534 0.512271 0.5 0.487729 0.475466 0.463218 0.450991
0.438795 0.426635 0.414519 0.402455 0.390449 0.37851 0.366644 0.354858
0.343159 0.331555 0.320052 0.308658 0.297379 0.286222 0.275194 0.264302
0.253551 0.242949 0.232501 0.222215 0.212096 0.20215 0.192384 0.182803
0.173414 0.16422 0.15523 0.146447 0.137876 0.129524 0.121396 0.113495
0.105827 0.0983962 0.0912076 0.0842652 0.0775732 0.0711357 0.0649565
0.0590393 0.0533879 0.0480053 0.0428951 0.0380602 0.0335036 0.0292279
0.0252359 0.0215298 0.018112 0.0149844 0.0121489 0.00960734 0.00736117
0.00541174 0.00376025 0.00240764 0.00135475 0.000602275 0;
#X coords 0 1 255 -1 100 70 1 0 0;
#X restore 420 181 graph;
#X obj 37 419 +~;
#X obj 324 453 +~;
#X obj 311 142 expr 44100/$f1;
#X floatatom 37 182 5 0 0 0 - - -;
#X obj 37 210 / 2;
#X obj 38 745 s~ grain;
#X obj 172 -4 inlet;
#X obj 36 140 inlet;
#X obj 52 663 env~;
#X floatatom 52 689 5 0 0 0 - - -;
#X obj 52 714 s grainrms;
#X msg 241 10 -226;
#X obj 534 559 bng 15 250 50 0 empty empty empty 17 7 0 10 -262144
-1 -1;
#X obj 534 532 r counter4;
#X obj 535 615 line~;
#X obj 37 636 *~;
#X obj 574 590 delay 1000;
#X floatatom 631 568 5 0 0 0 - - -;
#X msg 534 585 1 10;
#X msg 575 614 0 20;
#X text 628 526 Sustain;
#X text 76 183 Pitch;
#X text 134 26 Speed;
#X obj 707 478 r grnstn;
#X obj 714 518 * 1000;
#X obj 37 466 tabread4~ GRN;
#X obj 324 500 tabread4~ GRN;
#X msg 311 83 read -resize \$1 GRN;
#X connect 0 0 1 0;
#X connect 1 0 2 0;
#X connect 1 1 3 0;
#X connect 2 0 4 0;
#X connect 3 0 4 1;
#X connect 4 0 5 0;
#X connect 5 0 6 0;
#X connect 6 0 7 0;
#X connect 6 0 16 0;
#X connect 7 0 24 1;
#X connect 8 0 9 0;
#X connect 9 0 10 0;
#X connect 9 0 7 1;
#X connect 9 0 21 0;
#X connect 10 0 11 0;
#X connect 10 0 24 0;
#X connect 11 0 12 1;
#X connect 12 0 39 0;
#X connect 13 0 14 0;
#X connect 14 0 51 0;
#X connect 15 0 6 1;
#X connect 15 0 26 0;
#X connect 16 0 25 1;
#X connect 17 0 18 0;
#X connect 17 0 25 0;
#X connect 18 0 19 1;
#X connect 19 0 39 0;
#X connect 20 0 16 1;
#X connect 20 0 17 0;
#X connect 21 0 20 0;
#X connect 24 0 49 0;
#X connect 25 0 50 0;
#X connect 26 0 2 0;
#X connect 27 0 28 0;
#X connect 28 0 8 0;
#X connect 30 0 0 0;
#X connect 31 0 27 0;
#X connect 32 0 33 0;
#X connect 33 0 34 0;
#X connect 35 0 0 0;
#X connect 36 0 42 0;
#X connect 36 0 40 0;
#X connect 37 0 36 0;
#X connect 38 0 39 1;
#X connect 39 0 29 0;
#X connect 39 0 32 0;
#X connect 40 0 43 0;
#X connect 41 0 40 1;
#X connect 42 0 38 0;
#X connect 43 0 38 0;
#X connect 47 0 48 0;
#X connect 48 0 41 0;
#X connect 49 0 12 0;
#X connect 50 0 19 0;
#X connect 51 0 15 0;
